255 255 255 255 255 255 255 255 255 255 255 255 255 255 255 255
255 167  41  56 236  30 245  10   4 252  26 236  56  41 167 255
255  41   0 215 167 243 237  23  23 174 130 167 215   0  41 255
255  56 215 249 167 101 215 215  20 255 215 167 249 215  56 255
255 236 167 167 225 207 107 247 247 182 203 225 167 167 236 255
255 218   0 101  40 191 124  11 134  72 135 213   0 247 144 255
255 199   2  11 180 200 255 122 232 255 124  25 186 252 183 255
255 231   1 199 231 132 219 251 254 218  11   8 199  24  74 255
255 226 231 235 231  24 249  71 239 249 136 160 199  24 255 255
255  56   8 194 227 232 255 255 255 255 158  72  72   2  96 255
255  41 137 138 124 120 211 108   0 206  56  78   8 249  56 255
255 236 167 167 225   0  47   0 152 207   0 225 215  85 112 255
255  56 215 249 167  19 194  20  20 251  16 215 182   0 249 255
255  41   0 215 167 118  77 224   0 182   3  85  39   8 215 255
255 167  41  56 236 225 249 213 231 126 206 199 182  54 243 255
255 255 255 255 255 255 255 255 255 255 255 255 255 255 255 255
255 255 255 255 255 255 255 255 255 255 255 255 255 255 255 255
255 195 110 121 242 108 249  99  93 253 106 242 120 110 195 255
255 110  83 228 198 247 244 111 110 205 179 198 228  83 110 255
255 121 228 251 200 160 230 231 113 255 230 200 251 228 120 255
255 242 198 200 236 226 169 250 250 212 223 236 200 198 242 255
255 231  95 160 128 218 180 119 189 151 188 230  98 250 182 255
255 220  99 109 211 223 255 165 241 255 182 119 213 253 209 255
255 240  97 221 241 185 230 252 255 230 120 111 221 110 138 255
255 236 241 243 241 125 251 131 245 251 193 199 221 111 255 255
255 126 100 218 238 242 255 255 255 255 199 147 143  97 152 255
255 115 180 183 176 175 230 172 116 226 140 149 105 251 127 255
255 242 198 200 236 102 133 106 194 227 104 236 230 146 160 255
255 121 228 251 200 111 218 113 113 253 108 230 207  88 251 255
255 110  83 228 198 168 146 236  96 211  96 146 113  88 230 255
255 195 110 121 242 236 252 228 240 172 224 219 207 119 247 255
255 255 255 255 255 255 255 255 255 255 255 255 255 255 255 255
255 255 255 255 255 255 255 255 255 255 255 255 255 255 255 255
255 229 193 197 250 193 253 191 188 254 192 250 197 193 229 255
255 193 182 244 231 252 251 198 197 235 224 232 244 182 193 255
255 197 244 253 232 217 245 245 199 255 245 233 253 244 197 255
255 250 232 233 247 244 223 253 253 239 243 247 233 231 250 255
255 245 190 217 206 241 228 206 232 217 230 245 192 253 224 255
255 241 192 198 239 244 255 213 249 255 228 204 239 254 236 255
255 249 191 242 250 229 242 254 255 241 206 201 242 197 206 255
255 247 249 250 250 209 253 196 251 253 233 234 242 197 255 255
255 201 193 241 248 250 255 255 255 255 234 214 212 191 212 255
255 197 224 227 225 225 246 225 205 245 212 214 196 253 201 255
255 250 231 233 247 196 209 199 232 244 197 247 245 210 215 255
255 197 244 253 233 198 241 200 200 254 197 245 235 185 253 255
255 193 182 244 231 219 211 247 191 237 190 210 196 183 245 255
255 229 193 197 250 247 254 244 249 222 242 240 235 197 252 255
255 255 255 255 255 255 255 255 255 255 255 255 255 255 255 255

255 255 255 255 255 255 255 255 255 255 255 255 255 255 255 255
255 167  41  56 236 144 183  74 255  96  56 112 249 215 243 255
255  41   0 215 167 247 252  24  24   2 249  85   0   8  54 255
255  56 215 249 167   0 186 199 199  72   8 215 182  39 182 255
255 236 167 167 225 213  25   8 160  72  78 225 215  85 199 255
255  26 130 215 203 135 124  11 136 158  56   0  16   3 206 255
255 252 174 255 182  72 255 218 249 255 206 207 251 182 126 255
255   4  23  20 247 134 232 254 239 255   0 152  20   0 231 255
255  10  23 215 247  11 122 251  71 255 108   0  20 224 213 255
255 245 237 215 107 124 255 219 249 255 211  47 194  77 249 255
255  30 243 101 207 191 200 132  24 232 120   0  19 118 225 255
255 236 167 167 225  40 180 231 231 227 124 225 167 167 236 255
255  56 215 249 167 101  11 199 235 194 138 167 249 215  56 255
255  41   0 215 167   0   2   1 231   8 137 167 215   0  41 255
255 167  41  56 236 218 199 231 226  56  41 236  56  41 167 255
255 255 255 255 255 255 255 255 255 255 255 255 255 255 255 255
255 255 255 255 255 255 255 255 255 255 255 255 255 255 255 255
255 195 110 120 242 182 209 138 255 152 127 160 251 230 247 255
255 110  83 228 198 250 253 110 111  97 251 146  88  88 119 255
255 120 228 251 200  98 213 221 221 143 105 230 207 113 207 255
255 242 198 200 236 230 119 111 199 147 149 236 230 146 219 255
255 106 179 230 223 188 182 120 193 199 140 104 108  96 224 255
255 253 205 255 212 151 255 230 251 255 226 227 253 211 172 255
255  93 110 113 250 189 241 255 245 255 116 194 113  96 240 255
255  99 111 231 250 119 165 252 131 255 172 106 113 236 228 255
255 249 244 230 169 180 255 230 251 255 230 133 218 146 252 255
255 108 247 160 226 218 223 185 125 242 175 102 111 168 236 255
255 242 198 200 236 128 211 241 241 238 176 236 200 198 242 255
255 121 228 251 200 160 109 221 243 218 183 200 251 228 121 255
255 110  83 228 198  95  99  97 241 100 180 198 228  83 110 255
255 195 110 121 242 231 220 240 236 126 115 242 121 110 195 255
255 255 255 255 255 255 255 255 255 255 255 255 255 255 255 255
255 255 255 255 255 255 255 255 255 255 255 255 255 255 255 255
255 229 193 197 250 224 236 206 255 212 201 215 253 245 252 255
255 193 182 244 231 253 254 197 197 191 253 210 185 183 197 255
255 197 244 253 233 192 239 242 242 212 196 245 235 196 235 255
255 250 232 233 247 245 204 201 234 214 214 247 245 210 240 255
255 192 224 245 243 230 228 206 233 234 212 197 197 190 242 255
255 254 235 255 239 217 255 241 253 255 245 244 254 237 222 255
255 188 197 199 253 232 249 255 251 255 205 232 200 191 249 255
255 191 198 245 253 206 213 254 196 255 225 199 200 247 244 255
255 253 251 245 223 228 255 242 253 255 246 209 241 211 254 255
255 193 252 217 244 241 244 229 209 250 225 196 198 219 247 255
255 250 231 232 247 206 239 250 250 248 225 247 233 231 250 255
255 197 244 253 233 217 198 242 250 241 227 233 253 244 197 255
255 193 182 244 232 190 192 191 249 193 224 231 244 182 193 255
255 229 193 197 250 245 241 249 247 201 197 250 197 193 229 255
255 255 255 255 255 255 255 255 255 255 255 255 255 255 255 255

255 249 213 249 255 241 227 249 252 239 255 255 247 218 252 255
255 171  56 169 100 144 126 208 202 176 148 218  85 105 117 251
255 190  55  38  43   5 117  54 170 133  87 141 180   1 104 224
255 249  71 169 172  14 188  33  21 204  64 140 213 192  79 249
225 107 137 172 165  40 190 133   8  80  31 189 160 178 224 251
225 113 192  54  95  85 217  70 152 217 150  85 173  58 108 221
239 103  53 112  97 142 248 236 240 249 211 172 186  59 130 221
255 248  89 183 176 164 245 202 162 247  76 199 220 155 196 250
216 143 103 183  12  70 224 191 229 237 153 192 177  72 231 252
248 144 161 133  29 136 254 220 191 254 193 181  90  60 134 248
223 166 228  11 189 139 121 164  57 100 181  93 123  28 169 250
251 225 171 146 222 202 171 230 220 124 192 193 140 141 224 255
247  85 180 213 179 187 235  50 189 189 115 142 212 179  80 248
218 105   1 192 178 110 113  23 110 175 204 173 179   0 105 223
252 117 104  79 202  52 192  22  47 176  64 227  80 105 121 252
255 251 224 249 251 221 249 225 227 248 221 252 248 223 252 255
255 251 226 251 255 246 237 251 253 244 255 255 249 230 253 255
255 199 121 197 153 183 171 224 221 203 185 231 140 154 162 252
255 211 121 113 119  95 168 129 201 178 148 181 205  83 153 234
255 251 134 200 203 106 214 120 112 224 136 182 228 213 136 251
235 156 180 203 201 125 217 183 110 151 120 215 195 205 234 252
235 162 215 130 158 154 233 150 196 233 193 153 204 130 158 233
244 156 128 167 161 189 250 243 246 251 229 205 213 131 173 233
255 251 151 210 208 204 249 225 194 249 153 222 233 193 217 251
229 182 160 211 112 149 235 220 238 243 196 217 208 141 239 253
250 184 196 181 121 186 254 235 212 254 219 211 154 133 177 250
234 197 238 104 215 187 178 203 142 165 211 157 173 109 199 252
252 235 200 186 234 223 206 240 234 177 217 217 182 181 234 255
249 141 205 228 206 212 242 130 214 214 168 183 227 204 137 250
230 154  83 213 205 163 166 110 165 205 223 201 205  83 153 234
253 161 153 137 220 122 214 104 121 204 129 236 137 153 165 253
255 252 234 251 252 233 251 236 237 250 233 253 250 234 253 255
255 253 242 253 255 251 247 253 254 250 255 255 252 244 254 255
255 230 197 230 212 224 220 242 241 233 225 244 205 211 214 254
255 236 198 194 198 189 219 205 234 223 211 224 234 181 211 246
255 253 204 232 233 195 239 202 200 242 207 225 244 237 204 253
246 213 224 234 233 204 240 227 200 215 202 238 230 234 246 253
246 215 238 204 217 217 246 216 232 247 231 215 234 203 214 245
250 213 203 220 219 230 253 250 250 253 245 236 238 204 220 245
255 253 213 237 237 236 251 244 225 252 218 242 246 229 238 253
244 224 216 237 201 216 244 242 246 249 233 240 236 208 248 254
253 225 230 226 203 229 254 247 234 254 241 238 215 205 222 253
246 230 248 195 239 229 226 236 214 221 238 216 222 195 231 253
253 246 232 226 246 242 235 249 247 225 240 239 225 224 246 255
252 205 234 244 235 237 249 206 238 238 220 225 243 234 204 253
244 211 181 237 234 217 218 196 219 234 241 232 234 181 211 246
254 214 211 204 240 198 237 192 199 233 202 246 204 211 215 254
255 254 246 253 253 245 253 246 247 253 245 254 253 246 254 255

255 252 222 248 251 219 219 251 252 248 250 255 248 222 252 255
252 117 105  82 222 108 134 200 224 132 167 222  82 105 117 252
222 105   1 186 172  66  61 163  69  62  31 147 186   1 105 222
248  82 186 213 154 170 192 225 179  88 132 146 213 186  82 248
255 222 147 146 189  87 173 204 186 178  96 197 147 180 227 252
255 153  90  70  33 156 214  73 162 190 181 195 123 196  65 219
241 176 133 201  82 211 249 247 235 255 105 125 195 174 179 248
251 199 169  28   8 144 240 163 227 192  64 218 196 109  53 225
251 215  58  27 134  67 237 204 190 222 163 234  47  18  19 224
230 130 115 186 193 214 249 247 228 254 118 177 237 120 191 249
243 146   3  16  36  80 135 166  70 134 144 206 193 108  53 219
255 105  49 168 165  89  91 175  15  32 183 223 173 172 201 251
248 168  43 159 168  52 108 182 175 135  12 152 213 186  82 248
216  54  54  70 145 197  53  84 110 161 235 179 186   1 105 222
251 176 195 249 110 110 102 249 144 140 165 228  82 105 117 252
255 255 255 255 229 227 240 255 221 248 226 252 248 222 252 255
255 253 232 250 253 231 232 252 253 251 252 255 250 232 253 255
253 162 154 139 233 158 176 220 235 175 198 234 139 154 162 253
232 154  84 209 201 135 133 198 139 134 112 185 209  84 154 232
250 139 209 228 191 203 217 237 209 153 179 186 228 210 139 250
255 233 185 186 215 154 206 226 214 209 159 219 187 206 236 253
255 188 150 141 121 197 231 151 202 218 212 219 173 218 130 231
246 203 178 222 152 230 251 249 242 255 168 178 218 204 206 251
253 220 201 117 110 191 246 195 237 213 146 233 219 165 125 235
252 229 132 117 184 148 244 226 219 236 203 243 129 107 103 235
239 174 167 213 219 231 251 250 237 255 176 210 244 171 214 251
247 184  94 108 123 151 185 205 150 185 190 225 217 162 122 231
255 156 122 201 201 155 158 208 114 123 212 235 203 201 220 253
251 196 117 193 201 129 165 210 207 182 105 190 228 209 139 250
229 120 120 134 185 218 128 148 165 196 242 206 209  84 154 232
252 202 214 251 158 160 156 251 183 181 196 237 139 154 162 253
255 255 255 255 237 236 245 255 233 250 236 253 250 232 253 255
255 254 245 253 254 245 245 254 254 253 253 255 253 245 254 255
254 215 212 205 246 214 222 240 247 222 231 246 205 212 215 254
245 212 181 236 233 205 205 232 208 206 196 226 236 181 212 245
253 205 236 244 229 234 240 247 237 215 224 227 244 236 205 253
255 246 226 227 239 216 236 244 239 238 217 240 227 235 247 254
255 227 212 209 203 233 246 217 235 241 238 241 222 240 203 245
251 233 223 242 216 246 253 252 248 255 223 226 240 234 234 253
254 240 234 202 200 231 251 226 246 234 215 247 241 219 201 247
254 244 206 201 227 216 250 245 242 248 236 250 206 195 192 246
248 221 219 239 241 246 253 252 245 255 226 237 250 220 237 253
252 225 189 196 204 216 229 236 216 229 230 243 239 216 199 245
255 213 200 233 233 216 218 237 202 204 238 247 234 233 240 254
253 230 196 229 233 204 220 237 236 227 195 228 244 236 205 253
244 197 198 204 226 240 203 212 218 231 250 235 236 181 212 245
254 232 237 253 214 215 213 253 225 224 230 247 205 212 215 254
255 255 255 255 247 247 251 255 245 253 247 254 253 245 254 255
